0.1000000014901161193847656
1.2603000402450561523437500
0.7269958257675170898437500
0.2259345948696136474609375
0.4396512508392333984375000
0.5123463869094848632812500
1.8903543949127197265625000
0.7625011205673217773437500
0.9590055942535400390625000
0.4206862449645996093750000
0.5875740051269531250000000
0.4533100724220275878906250
0.6819771528244018554687500
0.6849664449691772460937500
0.9891735315322875976562500
0.5241701602935791015625000
0.8813644647598266601562500
0.3354865312576293945312500
0.3394570350646972656250000
0.6499776244163513183593750
0.5493766069412231445312500
0.1000000014901161193847656
1.2463715076446533203125000
0.7190995216369628906250000
0.2236751616001129150390625
0.4430724382400512695312500
0.5142033696174621582031250
1.8766933679580688476562500
0.7543221712112426757812500
0.9522274136543273925781250
0.4160549342632293701171875
0.5879402160644531250000000
0.4482177495956420898437500
0.6754322052001953125000000
0.6808573603630065917968750
0.9807587265968322753906250
0.5315663814544677734375000
0.8841822147369384765625000
0.3322682976722717285156250
0.3437783718109130859375000
0.6464413404464721679687500
0.5513371229171752929687500
0.1000000014901161193847656
1.2260286808013916015625000
0.7145259380340576171875000
0.2159979343414306640625000
0.4236360788345336914062500
0.5079766511917114257812500
1.8266129493713378906250000
0.7496685981750488281250000
0.9368823170661926269531250
0.4076144397258758544921875
0.5809056758880615234375000
0.4457961320877075195312500
0.6779900193214416503906250
0.6618368625640869140625000
0.9704234004020690917968750
0.5079797506332397460937500
0.8537313938140869140625000
0.3309842944145202636718750
0.3327323198318481445312500
0.6368433237075805664062500
0.5420101881027221679687500
0.1000000014901161193847656
1.2613215446472167968750000
0.7281225323677062988281250
0.2258623242378234863281250
0.4397760629653930664062500
0.5139001011848449707031250
1.8921968936920166015625000
0.7640945911407470703125000
0.9614737033843994140625000
0.4211060702800750732421875
0.5889376401901245117187500
0.4535829722881317138671875
0.6831818222999572753906250
0.6859064102172851562500000
0.9906204342842102050781250
0.5230771303176879882812500
0.8816332817077636718750000
0.3360474705696105957031250
0.3402000665664672851562500
0.6512144804000854492187500
0.5502896308898925781250000
0.1000000014901161193847656
1.2436717748641967773437500
0.7210160493850708007812500
0.2203926146030426025390625
0.4242608547210693359375000
0.5031709074974060058593750
1.8532381057739257812500000
0.7566287517547607421875000
0.9432758688926696777343750
0.4135372340679168701171875
0.5799372196197509765625000
0.4505905807018280029296875
0.6799244880676269531250000
0.6696060895919799804687500
0.9803908467292785644531250
0.5053366422653198242187500
0.8576651811599731445312500
0.3321873843669891357421875
0.3277035951614379882812500
0.6409441232681274414062500
0.5399619340896606445312500
0.1000000014901161193847656
1.3104251623153686523437500
0.7401666045188903808593750
0.2475365847349166870117188
0.5200386047363281250000000
0.5498189330101013183593750
2.1035094261169433593750000
0.7891576290130615234375000
1.0442709922790527343750000
0.4470094740390777587890625
0.6408244371414184570312500
0.4495779871940612792968750
0.6696062088012695312500000
0.7729077339172363281250000
1.0436863899230957031250000
0.5789264440536499023437500
1.0015735626220703125000000
0.3271984457969665527343750
0.3835564851760864257812500
0.7014999985694885253906250
0.5935945510864257812500000
0.1000000014901161193847656
1.3053972721099853515625000
0.7371164560317993164062500
0.2468566298484802246093750
0.5194336175918579101562500
0.5471001863479614257812500
2.1000537872314453125000000
0.7865187525749206542968750
1.0407032966613769531250000
0.4454248547554016113281250
0.6395639181137084960937500
0.4475327134132385253906250
0.6660448908805847167968750
0.7715146541595458984375000
1.0419850349426269531250000
0.5773224830627441406250000
1.0000706911087036132812500
0.3243758082389831542968750
0.3814556598663330078125000
0.6997769474983215332031250
0.5918298959732055664062500
0.0533251762390136718750000
0.3931324481964111328125000
0.1910253763198852539062500
0.2113445401191711425781250
0.2406179308891296386718750
0.2070705294609069824218750
0.4784983396530151367187500
0.3853797912597656250000000
0.1461471319198608398437500
0.0494076013565063476562500
0.5049533843994140625000000
0.3346226811408996582031250
0.3681713342666625976562500
0.1633146703243255615234375
0.2209742963314056396484375
0.1441813707351684570312500
0.0904010236263275146484375
0.3562682867050170898437500
0.2701906561851501464843750
0.0911846160888671875000000
0.5168496370315551757812500
0.0703197121620178222656250
0.4202516078948974609375000
0.2292932271957397460937500
0.2339047789573669433593750
0.2709141969680786132812500
0.2216324210166931152343750
0.5169948339462280273437500
0.4333814382553100585937500
0.1697338223457336425781250
0.0731094479560852050781250
0.5635206699371337890625000
0.3615096211433410644531250
0.4084237813949584960937500
0.1757982671260833740234375
0.2324258685111999511718750
0.1808032989501953125000000
0.1046988666057586669921875
0.3903788328170776367187500
0.2896798253059387207031250
0.1359426975250244140625000
0.5603450536727905273437500
0.1000000014901161193847656
1.2313094139099121093750000
0.7369922399520874023437500
0.2039451897144317626953125
0.3377476930618286132812500
0.4488650560379028320312500
1.7160720825195312500000000
0.7687866091728210449218750
0.8930017352104187011718750
0.4026709794998168945312500
0.5376621484756469726562500
0.4673152565956115722656250
0.7118248343467712402343750
0.6105577945709228515625000
0.9744856357574462890625000
0.3910934925079345703125000
0.7288558483123779296875000
0.3364602029323577880859375
0.2544002532958984375000000
0.6092788577079772949218750
0.4829745292663574218750000
0.0574923753738403320312500
0.4001308679580688476562500
0.2008616924285888671875000
0.2171658277511596679687500
0.2483553886413574218750000
0.2108519077301025390625000
0.4884158372879028320312500
0.3977419137954711914062500
0.1521733403205871582031250
0.0548166632652282714843750
0.5197553634643554687500000
0.3415490388870239257812500
0.3784782886505126953125000
0.1664714217185974121093750
0.2239125967025756835937500
0.1535712480545043945312500
0.0939264893531799316406250
0.3651739358901977539062500
0.2751257419586181640625000
0.1026177406311035156250000
0.5280753374099731445312500
0.1000000014901161193847656
1.1864771842956542968750000
0.7210848927497863769531250
0.1911387741565704345703125
0.3074260950088500976562500
0.4215950369834899902343750
1.6299362182617187500000000
0.7523974776268005371093750
0.8496241569519042968750000
0.3844480514526367187500000
0.5189726352691650390625000
0.4611930549144744873046875
0.7067215442657470703125000
0.5758596658706665039062500
0.9525899887084960937500000
0.3506940603256225585937500
0.6785902976989746093750000
0.3243383169174194335937500
0.2252995967864990234375000
0.5855516195297241210937500
0.4587527513504028320312500
0.8542211055755615234375000
0.4510059356689453125000000
0.4143664836883544921875000
0.3185284137725830078125000
0.5543240308761596679687500
0.9542174339294433593750000
1.0006623268127441406250000
0.8291294574737548828125000
0.8639585971832275390625000
0.5404703617095947265625000
0.3821667432785034179687500
0.7105064392089843750000000
0.5092611312866210937500000
0.2636978626251220703125000
1.2465345859527587890625000
0.9017952680587768554687500
0.3336597681045532226562500
0.7045993804931640625000000
0.9547412395477294921875000
0.2241535186767578125000000
0.3637737631797790527343750
