1.0528496503829956054687500
25.3174381256103515625000000
17.7097415924072265625000000
16.1249179840087890625000000
5.7573442459106445312500000
10.6929721832275390625000000
25.0844039916992187500000000
18.6465988159179687500000000
10.8353290557861328125000000
14.8688163757324218750000000
1.5715956687927246093750000
20.8756065368652343750000000
22.9348068237304687500000000
25.5770912170410156250000000
10.3315773010253906250000000
7.2155971527099609375000000
7.2475552558898925781250000
19.3977222442626953125000000
3.1242961883544921875000000
15.1120643615722656250000000
4.5731368064880371093750000
1.4036190509796142578125000
25.5904541015625000000000000
17.9121780395507812500000000
16.2043266296386718750000000
5.6708192825317382812500000
11.1098747253417968750000000
25.6806049346923828125000000
18.9936332702636718750000000
11.0892496109008789062500000
15.0242424011230468750000000
1.8172590732574462890625000
20.9096508026123046875000000
22.9101982116699218750000000
26.1310653686523437500000000
10.6427469253540039062500000
6.9769191741943359375000000
7.4224796295166015625000000
19.2044811248779296875000000
2.9570846557617187500000000
15.6410188674926757812500000
4.9297800064086914062500000
1.2286145687103271484375000
25.7743606567382812500000000
17.9760360717773437500000000
16.4762153625488281250000000
6.9273266792297363281250000
11.5615749359130859375000000
25.8715457916259765625000000
18.9696922302246093750000000
11.1625003814697265625000000
15.1506872177124023437500000
1.8235745429992675781250000
21.1260700225830078125000000
23.1823902130126953125000000
26.4543838500976562500000000
10.5433950424194335937500000
8.1026744842529296875000000
7.8821635246276855468750000
19.7202301025390625000000000
3.6102831363677978515625000
15.6117258071899414062500000
5.1141023635864257812500000
1.0001935958862304687500000
25.2844467163085937500000000
17.6806201934814453125000000
16.1194381713867187500000000
5.8093566894531250000000000
10.6468696594238281250000000
25.0009536743164062500000000
18.5982971191406250000000000
10.8022136688232421875000000
14.8464126586914062500000000
1.5352442264556884765625000
20.8841285705566406250000000
22.9576835632324218750000000
25.4955844879150390625000000
10.2782344818115234375000000
7.2456736564636230468750000
7.2296991348266601562500000
19.4690151214599609375000000
3.1794898509979248046875000
15.0259294509887695312500000
4.5188970565795898437500000
1.1134213209152221679687500
25.7371139526367187500000000
17.9613246917724609375000000
16.5133914947509765625000000
7.0786409378051757812500000
11.5326366424560546875000000
25.8091583251953125000000000
18.8795452117919921875000000
11.1117763519287109375000000
15.1692609786987304687500000
1.7874003648757934570312500
21.0852928161621093750000000
23.1227264404296875000000000
26.4864463806152343750000000
10.5201292037963867187500000
8.6144104003906250000000000
7.9599766731262207031250000
19.5758647918701171875000000
3.6206340789794921875000000
15.5858573913574218750000000
5.1410279273986816406250000
1.0000000000000000000000000
24.0000000000000000000000000
17.0000000000000000000000000
14.8629713058471679687500000
1.0000000000000000000000000
8.0000000000000000000000000
23.0000000000000000000000000
18.0000000000000000000000000
10.0000000000000000000000000
14.0000000000000000000000000
1.0000000000000000000000000
20.0000000000000000000000000
22.0000000000000000000000000
23.0000000000000000000000000
10.0000000000000000000000000
3.0000000000000000000000000
5.0000000000000000000000000
18.0000000000000000000000000
1.0000000000000000000000000
14.0000000000000000000000000
3.0000000000000000000000000
1.0004730224609375000000000
24.0035533905029296875000000
17.0019989013671875000000000
14.8666944503784179687500000
1.0116888284683227539062500
8.0071239471435546875000000
23.0058479309082031250000000
18.0019512176513671875000000
10.0023307800292968750000000
14.0023651123046875000000000
1.0016947984695434570312500
20.0021324157714843750000000
22.0021686553955078125000000
23.0071144104003906250000000
10.0012187957763671875000000
3.0106272697448730468750000
5.0058360099792480468750000
18.0029487609863281250000000
1.0049620866775512695312500
14.0034275054931640625000000
3.0043795108795166015625000
44.8774337768554687500000000
31.1503982543945312500000000
50.6629028320312500000000000
31.0584049224853515625000000
51.7545013427734375000000000
35.9211120605468750000000000
54.9676208496093750000000000
59.2318649291992187500000000
27.7748413085937500000000000
51.1189689636230468750000000
60.3316040039062500000000000
36.4820365905761718750000000
45.5180511474609375000000000
16.9209747314453125000000000
21.6155719757080078125000000
62.9446258544921875000000000
23.9937038421630859375000000
65.0458526611328125000000000
28.7035942077636718750000000
87.9792251586914062500000000
40.8607521057128906250000000
39.0684967041015625000000000
26.3023567199707031250000000
42.9209747314453125000000000
26.0777721405029296875000000
43.0227699279785156250000000
31.3010311126708984375000000
44.8744430541992187500000000
47.0436706542968750000000000
21.7057685852050781250000000
44.2416992187500000000000000
49.3342742919921875000000000
30.4559097290039062500000000
38.5936546325683593750000000
14.2692804336547851562500000
19.4262104034423828125000000
49.5996475219726562500000000
19.8231410980224609375000000
53.8366699218750000000000000
24.7282409667968750000000000
68.6658096313476562500000000
32.1492843627929687500000000
1.5267009735107421875000000
27.9309940338134765625000000
19.2264633178710937500000000
18.4602813720703125000000000
13.8819007873535156250000000
15.8819808959960937500000000
29.5027065277099609375000000
20.1594829559326171875000000
12.5800876617431640625000000
16.6367168426513671875000000
2.8895921707153320312500000
22.3195228576660156250000000
24.3357830047607421875000000
30.9384250640869140625000000
11.3895492553710937500000000
14.8976612091064453125000000
11.4801607131958007812500000
21.1036796569824218750000000
6.4084272384643554687500000
17.8570537567138671875000000
7.8934950828552246093750000
43.0163383483886718750000000
29.6004333496093750000000000
48.1928482055664062500000000
29.4668083190917968750000000
48.9663696289062500000000000
34.4484939575195312500000000
51.7466583251953125000000000
55.3374862670898437500000000
25.8424758911132812500000000
48.9034805297851562500000000
56.8257217407226562500000000
34.5550117492675781250000000
43.3081359863281250000000000
16.0679397583007812500000000
20.9120712280273437500000000
58.6885757446289062500000000
22.6569709777832031250000000
61.4707221984863281250000000
27.4268188476562500000000000
81.8289642333984375000000000
38.0833587646484375000000000
1.4653972387313842773437500
28.5166320800781250000000000
19.5471076965332031250000000
19.0983905792236328125000000
16.2063255310058593750000000
17.1142883300781250000000000
30.4291954040527343750000000
20.3932895660400390625000000
12.9311962127685546875000000
17.0567893981933593750000000
3.1298453807830810546875000
22.6936531066894531250000000
24.7214183807373046875000000
32.1676559448242187500000000
11.5298271179199218750000000
17.2546501159667968750000000
12.5868177413940429687500000
21.6339607238769531250000000
7.3988456726074218750000000
18.3606433868408203125000000
8.6499938964843750000000000
5.0011324882507324218750000
5.0011816024780273437500000
5.0018954277038574218750000
5.0026111602783203125000000
5.0013489723205566406250000
5.0015158653259277343750000
5.0014309883117675781250000
5.0016951560974121093750000
5.0026297569274902343750000
5.0008964538574218750000000
5.0020866394042968750000000
5.0009765625000000000000000
5.0015611648559570312500000
5.0030965805053710937500000
5.0007247924804687500000000
5.0013594627380371093750000
5.0025482177734375000000000
5.0020589828491210937500000
5.0019054412841796875000000
5.0015859603881835937500000
5.0011610984802246093750000
