0.1210569962859153747558594
2.4658923149108886718750000
1.7108703851699829101562500
0.5088279247283935546875000
0.5356069803237915039062500
0.7103644013404846191406250
3.3659076690673828125000000
1.5394427776336669921875000
1.5609683990478515625000000
0.8119708895683288574218750
0.6998308300971984863281250
0.9277557134628295898437500
1.6375941038131713867187500
1.1336873769760131835937500
1.9284079074859619140625000
0.6744951009750366210937500
1.2628147602081298828125000
0.6587818861007690429687500
0.4088858366012573242187500
1.1537131071090698242187500
0.7323020696640014648437500
0.1280723810195922851562500
2.4649643898010253906250000
1.7142205238342285156250000
0.5079616308212280273437500
0.5375860929489135742187500
0.7199417948722839355468750
3.3873171806335449218750000
1.5457235574722290039062500
1.5682969093322753906250000
0.8114297389984130859375000
0.7177444696426391601562500
0.9234371185302734375000000
1.6300237178802490234375000
1.1392971277236938476562500
1.9482811689376831054687500
0.6769188642501831054687500
1.2748390436172485351562500
0.6523429751396179199218750
0.4094913601875305175781250
1.1678086519241333007812500
0.7485283017158508300781250
0.1245722919702529907226562
2.4533791542053222656250000
1.7131946086883544921875000
0.5050543546676635742187500
0.5390915274620056152343750
0.7220798730850219726562500
3.3484685420989990234375000
1.5400724411010742187500000
1.5570211410522460937500000
0.8063167333602905273437500
0.7111610174179077148437500
0.9259340763092041015625000
1.6439229249954223632812500
1.1259489059448242187500000
1.9289138317108154296875000
0.6767854690551757812500000
1.2685821056365966796875000
0.6596547961235046386718750
0.4129608273506164550781250
1.1572341918945312500000000
0.7465742826461791992187500
0.1200038716197013854980469
2.4653427600860595703125000
1.7103791236877441406250000
0.5086594820022583007812500
0.5365986824035644531250000
0.7110643386840820312500000
3.3628411293029785156250000
1.5390236377716064453125000
1.5615966320037841796875000
0.8118011355400085449218750
0.6985979676246643066406250
0.9282222986221313476562500
1.6397519111633300781250000
1.1331973075866699218750000
1.9250054359436035156250000
0.6740286350250244140625000
1.2621437311172485351562500
0.6605310440063476562500000
0.4108554124832153320312500
1.1520788669586181640625000
0.7310454845428466796875000
0.1222684234380722045898438
2.4692487716674804687500000
1.7188674211502075195312500
0.5101011991500854492187500
0.5422382354736328125000000
0.7167382240295410156250000
3.3714237213134765625000000
1.5432765483856201171875000
1.5605967044830322265625000
0.8127282857894897460937500
0.7076086997985839843750000
0.9298018217086791992187500
1.6433713436126708984375000
1.1342805624008178710937500
1.9367661476135253906250000
0.6848035454750061035156250
1.2766113281250000000000000
0.6584517955780029296875000
0.4081621170043945312500000
1.1604726314544677734375000
0.7456030845642089843750000
0.1200000047683715820312500
2.4532823562622070312500000
1.6846110820770263671875000
0.5082904696464538574218750
0.5367052555084228515625000
0.6979670524597167968750000
3.4564504623413085937500000
1.5391576290130615234375000
1.5998265743255615234375000
0.8154305219650268554687500
0.7122530341148376464843750
0.9041234254837036132812500
1.5862729549407958984375000
1.1764165163040161132812500
1.9527773857116699218750000
0.6414264440536499023437500
1.2647314071655273437500000
0.6271984577178955078125000
0.4057787060737609863281250
1.1681666374206542968750000
0.7135945558547973632812500
0.1200094595551490783691406
2.4484236240386962890625000
1.6816719770431518554687500
0.5076758265495300292968750
0.5362951159477233886718750
0.6953802704811096191406250
3.4533390998840332031250000
1.5366001129150390625000000
1.5963883399963378906250000
0.8139081597328186035156250
0.7111135721206665039062500
0.9021266698837280273437500
1.5828019380569458007812500
1.1751482486724853515625000
1.9511866569519042968750000
0.6400438547134399414062500
1.2635357379913330078125000
0.6244249343872070312500000
0.4037881493568420410156250
1.1665579080581665039062500
0.7120050787925720214843750
0.8406485915184020996093750
2.0326271057128906250000000
1.5242596864700317382812500
1.0286710262298583984375000
1.3188366889953613281250000
1.0623350143432617187500000
2.1962366104125976562500000
1.7016434669494628906250000
0.8074528574943542480468750
0.8608198165893554687500000
2.3903160095214843750000000
1.2946763038635253906250000
1.8854397535324096679687500
0.7273471355438232421875000
1.2502872943878173828125000
1.2484730482101440429687500
0.6235944032669067382812500
2.1630973815917968750000000
1.0675127506256103515625000
1.4876801967620849609375000
1.9761621952056884765625000
0.7557319402694702148437500
1.8045861721038818359375000
1.3587925434112548828125000
0.9201619625091552734375000
1.1672219038009643554687500
0.9668950438499450683593750
1.9193211793899536132812500
1.4787963628768920898437500
0.6865378618240356445312500
0.7753586173057556152343750
2.1052167415618896484375000
1.1629809141159057617187500
1.6948789358139038085937500
0.6514409780502319335937500
1.1574835777282714843750000
1.0509725809097290039062500
0.5452131032943725585937500
1.8858418464660644531250000
0.9765754342079162597656250
1.2258762121200561523437500
1.7085337638854980468750000
0.1305340230464935302734375
2.5613567829132080078125000
1.8051290512084960937500000
0.5278097391128540039062500
0.5691127181053161621093750
0.7429758310317993164062500
3.4515254497528076171875000
1.6087651252746582031250000
1.5918955802917480468750000
0.8404793143272399902343750
0.7440615892410278320312500
0.9745771288871765136718750
1.7258157730102539062500000
1.1533372402191162109375000
2.0098991394042968750000000
0.7014614343643188476562500
1.3330748081207275390625000
0.6881881952285766601562500
0.3968097567558288574218750
1.2045140266418457031250000
0.7987143397331237792968750
0.8121649622917175292968750
1.9580484628677368164062500
1.4690945148468017578125000
0.9926081299781799316406250
1.2684880495071411132812500
1.0310541391372680664062500
2.1054987907409667968750000
1.6274638175964355468750000
0.7674703598022460937500000
0.8310623764991760253906250
2.2955591678619384765625000
1.2508914470672607421875000
1.8220828771591186523437500
0.7020694017410278320312500
1.2197254896163940429687500
1.1831953525543212890625000
0.5974147319793701171875000
2.0726938247680664062500000
1.0369818210601806640625000
1.4014902114868164062500000
1.8881952762603759765625000
0.1293079406023025512695312
2.5444121360778808593750000
1.8070352077484130859375000
0.5261982679367065429687500
0.5775315165519714355468750
0.7385263442993164062500000
3.4198889732360839843750000
1.6021178960800170898437500
1.5680239200592041015625000
0.8333109617233276367187500
0.7425330281257629394531250
0.9769579172134399414062500
1.7367806434631347656250000
1.1402044296264648437500000
2.0007562637329101562500000
0.7101659774780273437500000
1.3410544395446777343750000
0.6849043369293212890625000
0.3897183835506439208984375
1.1975730657577514648437500
0.8047524690628051757812500
0.9117053747177124023437500
0.5303897857666015625000000
0.4648906886577606201171875
0.3773826658725738525390625
0.6257718801498413085937500
1.0130587816238403320312500
1.0673481225967407226562500
0.8659065961837768554687500
0.9334395527839660644531250
0.5801600217819213867187500
0.4284823536872863769531250
0.7648648619651794433593750
0.5587815642356872558593750
0.2957690060138702392578125
1.3259111642837524414062500
0.9523140192031860351562500
0.3767851889133453369140625
0.7413792014122009277343750
1.0097072124481201171875000
0.2598791420459747314453125
0.3935425877571105957031250
