90
164
179
205
222
283
297
298
300
303
304
326
333
336
342
385
391
422
428
432
445
463
464
466
478
528
547
555
581
608
622
627
654
675
677
708
727
750
751
753
765
766
767
768
769
770
771
772
773
774
778
779
780
787
795
815
853
1026
1047
1059
1061
1076
1078
1100
1113
1114
1115
1116
1117
1193
1213
1215
1248
1275
1334
1344
1347
1427
1446
1517
1530
1651
1661
1691
1753
1757
1814
1904
1922
1973
1982
2096
2097
2098
2099
2100
2101
2105
2163
2178
2243
2286
2401
2403
2432
2435
2459
2524
2535
2583
